LevelOfTheory(method='B3LYP',basis='aug-cc-pVDZ')

atomEnergies = {
  'C': -37.854195,
  'H': -0.501657,
  'N': -54.593843,
  'O': -75.077162,
  'S': -398.127992,
  'Na': -162.290737,
  'Cl': -460.161474
}

frequencyScaleFactor = 0.970\n\n

